[ array([  0.        ,   0.        ,   0.        ,   0.        ,
         0.        ,   0.        ,   0.        ,   0.        ,
         0.        ,   0.        ,   0.        ,   0.        ,
         0.17812178,   5.95513376,  10.        ,   3.40376984,
         4.725     ,   0.69516029,   7.67619048,   3.21428571])
 array([ 0.001,  0.001,  0.001,  0.001,  0.001,  0.001,  0.001,  0.001,
        0.001,  0.001,  0.001,  0.001,  0.001,  0.001,  0.001,  0.001,
        0.001,  0.001,  0.001,  0.001])
 -35.847661853969903
 array([  0.        ,   0.        ,   0.        ,   0.        ,
         0.        ,   0.        ,   0.        ,   0.        ,
         0.        ,   0.        ,   0.        ,   0.        ,
         0.17812178,   5.95513376,  10.        ,   3.40376984,
         4.725     ,   0.69516029,   7.67619048,   3.21428571,
         0.        ,   0.        ,   0.        ,   0.        ,
         0.21358543,   3.90833333,   1.54146825,   6.58333333,
        10.        ,   3.64484127])
 array([ 0.001,  0.001,  0.001,  0.001,  0.001,  0.001,  0.001,  0.001,
        0.001,  0.001,  0.001,  0.001,  0.001,  0.001,  0.001,  0.001,
        0.001,  0.001,  0.001,  0.001,  0.001,  0.001,  0.001,  0.001,
        0.001,  0.001,  0.001,  0.001,  0.001,  0.001])
 9.9561002293200431
 array([  0.        ,   0.        ,   0.        ,   0.        ,
         0.        ,   0.        ,   0.        ,   0.        ,
         0.        ,   0.        ,   0.        ,   0.        ,
         0.17812178,   5.95513376,  10.        ,   3.40376984,
         4.725     ,   0.69516029,   7.67619048,   3.21428571,
         0.        ,   0.        ,   0.        ,   0.        ,
         0.21358543,   3.90833333,   1.54146825,   6.58333333,
        10.        ,   3.64484127,   3.875     ,   3.78333333,
        11.        ,  10.        ,   3.21428571,   0.        ,
         0.        ,   0.        ,   0.        ,   0.11805556])
 array([ 0.001,  0.001,  0.001,  0.001,  0.001,  0.001,  0.001,  0.001,
        0.001,  0.001,  0.001,  0.001,  0.001,  0.001,  0.001,  0.001,
        0.001,  0.001,  0.001,  0.001,  0.001,  0.001,  0.001,  0.001,
        0.001,  0.001,  0.001,  0.001,  0.001,  0.001,  0.001,  0.001,
        0.001,  0.001,  0.001,  0.001,  0.001,  0.001,  0.001,  0.001])
 -6.0991129785247438
 array([  0.        ,   0.        ,   0.17812178,   5.95513376,
        10.        ,   3.40376984,   4.725     ,   0.69516029,
         7.67619048,   3.21428571,   0.        ,   0.        ,
         0.        ,   0.        ,   0.21358543,   3.90833333,
         1.54146825,   6.58333333,  10.        ,   3.64484127,
         3.875     ,   3.78333333,  11.        ,  10.        ,
         3.21428571,   0.        ,   0.        ,   0.        ,
         0.        ,   0.11805556,   3.725     ,   0.23809524,
         0.        ,   0.        ,   0.        ,   0.        ,
         0.        ,   0.        ,   0.        ,   0.        ])
 array([ 0.001,  0.001,  0.001,  0.001,  0.001,  0.001,  0.001,  0.001,
        0.001,  0.001,  0.001,  0.001,  0.001,  0.001,  0.001,  0.001,
        0.001,  0.001,  0.001,  0.001,  0.001,  0.001,  0.001,  0.001,
        0.001,  0.001,  0.001,  0.001,  0.001,  0.001,  0.001,  0.001,
        0.001,  0.001,  0.001,  0.001,  0.001,  0.001,  0.001,  0.001])
 28.027579365079365
 array([  0.        ,   0.        ,   0.        ,   0.        ,
         0.21358543,   3.90833333,   1.54146825,   6.58333333,
        10.        ,   3.64484127,   3.875     ,   3.78333333,
        11.        ,  10.        ,   3.21428571,   0.        ,
         0.        ,   0.        ,   0.        ,   0.11805556,
         3.725     ,   0.23809524,   0.        ,   0.        ,
         0.        ,   0.        ,   0.        ,   0.        ,
         0.        ,   0.        ,   0.        ,   0.17812178,
         2.20495148,   0.        ,   0.        ,   0.        ,
         0.31060041,   6.87821068,  10.        ,   3.21428571])
 array([ 0.001,  0.001,  0.001,  0.001,  0.001,  0.001,  0.001,  0.001,
        0.001,  0.001,  0.001,  0.001,  0.001,  0.001,  0.001,  0.001,
        0.001,  0.001,  0.001,  0.001,  0.001,  0.001,  0.001,  0.001,
        0.001,  0.001,  0.001,  0.001,  0.001,  0.001,  0.001,  0.001,
        0.001,  0.001,  0.001,  0.001,  0.001,  0.001,  0.001,  0.001])
 -18.823074818198659
 array([  3.875     ,   3.78333333,  11.        ,  10.        ,
         3.21428571,   0.        ,   0.        ,   0.        ,
         0.        ,   0.11805556,   3.725     ,   0.23809524,
         0.        ,   0.        ,   0.        ,   0.        ,
         0.        ,   0.        ,   0.        ,   0.        ,
         0.        ,   0.17812178,   2.20495148,   0.        ,
         0.        ,   0.        ,   0.31060041,   6.87821068,
        10.        ,   3.21428571,   0.        ,   0.        ,
         0.        ,   0.        ,   0.        ,   0.        ,
         0.        ,   0.        ,   0.31060041,   5.87821068])
 array([ 0.001,  0.001,  0.001,  0.001,  0.001,  0.001,  0.001,  0.001,
        0.001,  0.001,  0.001,  0.001,  0.001,  0.001,  0.001,  0.001,
        0.001,  0.001,  0.001,  0.001,  0.001,  0.001,  0.001,  0.001,
        0.001,  0.001,  0.001,  0.001,  0.001,  0.001,  0.001,  0.001,
        0.001,  0.001,  0.001,  0.001,  0.001,  0.001,  0.001,  0.001])
 16.597358970578789
 array([  0.        ,   0.17812178,   2.20495148,   0.        ,
         0.        ,   0.        ,   0.31060041,   6.87821068,
        10.        ,   3.21428571,   0.        ,   0.        ,
         0.        ,   0.        ,   0.        ,   0.        ,
         0.        ,   0.        ,   0.31060041,   5.87821068,
         2.21428571,   0.        ,   0.        ,   0.        ,
         0.        ,   0.        ,   0.        ,   0.        ,
         0.        ,   0.        ,   0.        ,   0.        ,
         0.        ,   0.        ,   0.05263158,   3.43147865,
         0.27281746,   4.30833333,   0.22698413,   0.        ])
 array([ 0.001,  0.001,  0.001,  0.001,  0.001,  0.001,  0.001,  0.001,
        0.001,  0.001,  0.001,  0.001,  0.001,  0.001,  0.001,  0.001,
        0.001,  0.001,  0.001,  0.001,  0.001,  0.001,  0.001,  0.001,
        0.001,  0.001,  0.001,  0.001,  0.001,  0.001,  0.001,  0.001,
        0.001,  0.001,  0.001,  0.001,  0.001,  0.001,  0.001,  0.001])
 -6.0779594373634618
 array([ 0.        ,  0.        ,  0.        ,  0.        ,  0.05263158,
        3.43147865,  0.27281746,  4.30833333,  0.22698413,  0.        ,
        0.        ,  0.        ,  0.58372132,  3.64365079,  0.        ,
        0.        ,  0.        ,  0.05555556,  0.57512061,  7.67619048,
        3.21428571,  0.        ,  0.        ,  0.        ,  0.        ,
        0.        ,  0.        ,  0.        ,  0.25504485,  6.87821068,
        3.21428571,  0.        ,  0.        ,  0.        ,  0.        ,
        0.        ,  0.        ,  0.        ,  0.        ,  0.        ])
 array([ 0.001,  0.001,  0.001,  0.001,  0.001,  0.001,  0.001,  0.001,
        0.001,  0.001,  0.001,  0.001,  0.001,  0.001,  0.001,  0.001,
        0.001,  0.001,  0.001,  0.001,  0.001,  0.001,  0.001,  0.001,
        0.001,  0.001,  0.001,  0.001,  0.001,  0.001,  0.001,  0.001,
        0.001,  0.001,  0.001,  0.001,  0.001,  0.001,  0.001,  0.001])
 7.1332555301595546]